909
926
771
117
51
865
710
451
116
947
872
53
151
65
269
132
586
93
286
538
133
667
117
217
458
792
530
90
20
617
41
450
390
924
616
921
346
441
308
48
103
348
705
970
744
92
884
600
957
30
861
674
340
795
325
161
409
431
449
873
840
374
827
725
60
675
498
34
393
887
733
390
617
167
148
347
434
720
737
230
659
936
870
504
450
797
951
192
327
815
652
846
34
664
516
599
272
36
189
348
202
87
960
931
32
517
691
836
643
70
904
56
418
889
977
220
527
892
113
195
559
658
444
102
232
735
811
156
348
482
602
471
965
710
785
921
690
656
300
931
437
232
259
281
359
245
318
843
756
848
904
286
55
880
284
787
653
875
544
484
742
240
71
534
327
883
635
166
429
489
713
123
64
719
969
739
797
679
731
618
419
88
676
664
896
896
739
667
920
161
570
785
856
293
795
62
404
257
38
339
544
914
159
249
13
571
613
743
34
702
355
331
898
487
924
427
876
183
863
865
341
375
134
642
146
184
783
717
247
158
309
705
804
725
268
705
539
213
508
66
486
957
977
653
31
392
895
497
77
76
284
941
965
510
610
183
236
133
596
876
34
91
916
898
718
284
527
670
297
288
52
677
445
892
503
306
944
368
460
500
336
141
641
709
186
30
77
529
320
582
937
678
255
798
64
890
128
881
51
271
688
212
566
578
837
973
821
633
863
161
675
426
294
178
277
166
523
955
402
758
644
232
845
251
514
368
418
507
226
755
613
844
52
139
44
784
890
995
435
707
474
268
962
800
422
162
460
624
444
339
525
403
441
332
631
47
235
709
54
903
692
885
539
128
92
87
171
791
960
239
389
560
21
973
940
276
207
738
514
21
117
431
30
284
895
210
147
692
200
490
677
443
771
499
87
695
905
826
698
889
723
380
662
383
116
341
308
849
917
893
570
350
899
649
926
662
274
126
564
82
945
274
326
155
158
305
676
804
852
24
722
489
824
959
963
210
328
174
137
746
773
922
499
801
382
943
686
848
693
132
479
177
954
118
305
95
238
659
213
154
218
379
344
683
122
29
369
747
312
237
90
911
985
985
52
115
535
254
93
447
143
265
425
865
343
952
918
961
393
927
652
512
821
124
850
82
867
164
220
907
751
723
732
496
344
564
564
481
741
470
721
339
711
134
933
244
462
635
161
181
329
722
558
448
546
860
845
403
70
710
661
49
380
712
377
641
476
375
667
426
13
19
474
793
595
929
682
19
111
102
327
154
343
887
318
57
196
554
387
768
923
276
658
55
528
822
239
920
382
416
604
488
271
58
158
20
774
568
758
753
357
805
724
161
128
824
113
161
491
863
730
81
922
931
576
985
435
848
909
751
63
341
416
607
738
856
434
283
929
443
246
614
394
135
121
734
412
865
83
947
990
781
632
141
363
810
516
331
962
160
420
731
244
293
168
543
421
901
24
252
64
560
980
931
603
427
927
900
857
201
938
931
902
410
195
262
858
602
96
434
244
900
403
961
159
174
222
906
949
995
35
68
826
792
410
559
326
951
330
865
148
857
559
527
33
896
103
755
481
152
369
770
108
81
94
291
71
470
274
664
236
927
775
399
734
619
116
652
849
25
19
138
72
885
140
368
803
739
542
639
104
147
275
136
32
352
423
997
631
419
518
503
13
427
25
25
891
468
323
788
903
519
994
306
386
328
412
702
678
930
502
802
916
711
932
586
927
959
952
883
352
551
269
597
207
520
508
712
200
679
966
972
407
938
11
734
579
146
317
699
412
329
675
283
391
117
464
360
339
482
919
872
931
70
337
570
369
323
518
530
767
107
105
145
430
93
973
453
481
36
117
690
738
571
53
154
598
94
575
751
70
506
920
959
534
742
274
253
484
947
544
991
226
892
32
469
246
831
706
880
924
719
228
880
185
819
505
488
808
997
905
251
365
97
565
904
649
759
863
616
734
855
895
65
92
669
213
741
908
783
851
937
935
530
176
936
279
77
812
378
497
553
775
860
641
252
736
868
71
946
224
221
383
894
771
252
310
215
49
920
216
133
58
860
730
868
783
393
965
577
932
724
572
884
105
749
983
612
315
893
224
56
166
564
99
693
999
395
351
432
483
863
191
225
856
137
571
894
545
127
580
949
328
704
417
210
237
700
769
486
822
951
694
861
128
613
533
456
128
62
284
211
887
30
921
142
741
896
138
697
345
788
118
952
348
99
84
940
107
449
511
849
120
293
43
213
957
605
958
347
126
638
600
881
167
592
180
561
930
53
612
430
943
736
939
395
102
602
372
198
312
828
61
108
267
582
677
204
216
499
609
542
432
17
546
762
18
403
451
349
304
191
293
898
321
968
445
231
362
978
722
943
524
354
635
757
691
622
669
553
161
872
572
630
815
300
80
948
70
234
736
217
98
592
476
254
168
958
828
155
139
817
196
460
758
702
13
384
969
29
108
985
137
468
827
369
245
288
371
706
928
866
376
921
742
681
862
274
638
49
642
961
978
257
558
161
539
312
878
63
567
335
38
163
11
237
423
88
589
553
908
576
177
298
113
681
854
189
110
546
586
434
767
521
633
760
669
884
125
740
182
43
915
516
130
202
150
923
590
469
863
484
300
986
721
356
675
939
202
942
868
908
664
414
999
377
776
417
986
514
229
869
268
141
465
528
613
628
40
954
773
841
263
911
396
132
439
204
739
138
952
963
34
988
434
274
753
546
510
410
976
261
119
261
852
381
678
630
913
407
196
643
438
580
491
237
990
556
977
495
143
456
523
808
297
622
579
856
475
539
768
296
341
281
349
152
862
385
745
470
819
32
43
603
15
449
889
803
350
224
642
447
654
194
452
512
244
320
39
816
447
948
486
869
219
852
147
550
594
726
127
514
74
141
548
464
742
366
472
727
453
496
688
180
617
17
362
298
353
671
947
525
465
630
257
207
972
385
289
664
194
284
356
784
683
672
165
210
346
50
834
397
288
362
305
248
179
294
822
140
284
398
617
918
716
890
837
612
356
311
29
839
337
875
910
724
789
704
376
809
452
739
216
86
101
81
660
899
34
796
972
893
346
155
247
839
453
86
905
520
222
89
773
873
402
228
108
444
788
364
707
912
576
153
440
383
321
716
300
943
644
268
461
522
893
22
693
647
221
73
209
513
967
25
895
314
610
466
390
941
147
868
408
848
595
932
266
908
344
599
319
940
314
441
577
794
355
659
795
558
230
480
543
316
470
460
254
383
111
744
258
992
752
600
878
526
407
712
89
733
766
182
791
745
16
548
21
985
670
786
240
597
134
923
318
142
604
726
913
17
878
329
496
755
263
427
70
841
338
58
180
685
196
752
358
486
736
371
113
652
328
269
687
776
831
184
639
402
797
60
303
845
820
577
130
792
200
980
130
653
445
277
843
699
937
207
295
390
179
981
861
253
946
375
498
589
958
159
500
905
632
859
148
386
524
859
463
848
892
560
708
398
512
812
297
245
602
730
20
372
365
751
43
966
103
837
280
453
154
641
846
625
946
751
555
573
649
795
556
778
784
909
599
866
643
397
111
904
534
435
370
601
254
984
247
59
839
714
34
348
679
862
493
539
828
915
502
790
393
813
460
565
58
515
326
262
624
352
117
414
763
337
735
345
978
715
904
831
166
897
159
153
134
110
626
678
869
550
610
345
213
964
483
703
168
411
114
56
840
731
911
674
748
39
227
216
480
39
337
673
404
163
405
977
84
459
203
272
818
641
458
136
248
462
646
655
188
148
968
171
782
487
849
177
149
967
913
283
293
198
658
464
358
712
655
434
680
882
220
186
639
32
937
124
200
414
94
387
807
303
720
979
184
165
968
749
214
945
490
615
694
122
38
63
745
990
80
265
376
590
978
394
802
451
578
795
480
614
103
499
287
652
468
805
178
668
292
799
945
897
128
353
865
671
557
576
518
572
678
812
793
676
401
981
266
884
829
553
220
673
728
260
483
471
354
361
808
71
636
664
786
358
867
984
834
675
276
490
550
857
86
92
505
537
764
826
59
396
559
548
342
257
169
221
609
343
415
381
34
591
276
590
49
730
566
867
96
299
334
218
432
764
265
327
481
150
263
958
786
616
933
762
794
882
564
174
832
219
457
949
431
432
864
579
386
867
923
414
648
563
423
595
780
977
290
747
288
194
762
858
749
638
56
142
114
736
667
722
666
136
976
45
667
306
648
275
52
894
473
583
627
764
539
814
913
65
560
220
610
33
756
624
452
159
727
575
777
217
823
519
327
281
67
968
342
638
68
458
466
570
792
74
885
250
918
105
444
438
220
727
478
556
439
535
715
151
614
209
737
472
153
600
893
318
979
34
268
798
527
449
43
732
344
146
317
397
168
312
676
771
787
881
413
713
100
411
680
905
394
232
333
682
365
520
268
159
28
400
841
327
879
862
576
996
768
911
939
808
731
157
945
463
830
642
982
548
977
348
245
134
919
660
432
573
261
190
969
512
553
546
250
131
738
523
611
204
88
303
341
311
664
363
57
324
281
792
448
524
990
875
538
510
176
336
50
160
872
292
246
160
350
718
447
935
774
704
298
858
744
489
634
472
19
963
133
859
433
681
17
375
752
535
384
467
271
570
417
175
601
526
475
326
193
615
441
570
793
739
820
907
894
45
498
929
172
696
48
928
269
980
613
212
806
668
374
394
130
863
757
726
511
143
13
391
581
139
491
269
434
506
770
987
909
56
257
514
278
20
608
326
151
823
275
162
634
709
516
553
466
809
913
159
582
80
781
428
682
160
139
799
626
861
152
777
703
885
174
829
302
12
497
330
852
19
537
564
988
595
496
114
483
961
217
929
544
314
936
869
866
606
621
803
327
703
668
278
808
254
766
511
343
762
679
246
83
579
452
797
461
975
949
606
733
605
966
318
716
247
758
435
84
96
635
533
206
628
478
425
454
677
116
905
927
860
579
45
210
805
708
97
477
868
808
245
768
916
69
743
154
530
226
500
757
393
752
435
827
658
296
925
363
989
657
352
319
357
692
373
113
132
328
963
983
115
402
886
921
494
251
656
15
292
38
457
950
40
643
375
388
847
452
464
428
173
194
226
646
500
294
996
743
278
226
751
815
746
214
283
205
481
188
323
149
317
18
680
456
355
315
707
301
212
852
118
264
743
825
109
217
54
656
627
909
519
72
197
930
189
666
614
298
837
161
498
371
170
99
852
254
576
502
241
626
382
930
157
523
176
567
156
314
317
849
102
295
567
632
592
909
487
562
432
50
860
337
740
937
608
413
927
844
942
819
188
234
139
175
818
873
147
191
270
121
544
683
609
363
495
283
308
206
97
169
354
565
142
803
893
154
540
562
595
997
521
731
401
642
79
508
129
202
684
412
947
572
149
53
582
956
101
70
837
535
691
182
195
406
836
345
269
126
672
678
343
40
549
375
321
395
367
926
507
242
151
399
631
723
949
582
421
607
191
696
317
466
643
254
269
767
33
576
918
439
991
258
525
520
383
373
74
253
954
143
256
860
916
411
567
951
971
383
646
887
540
427
176
651
297
619
311
937
590
372
521
799
765
301
470
354
436
148
795
143
134
123
473
955
622
726
346
368
810
822
133
899
85
907
856
283
965
483
647
187
445
20
156
991
728
52
805
49
577
40
308
135
188
800
417
858
587
