2302877
3848024
7245084
5495118
5997067
7902451
9552049
1366674
4808506
9790247
9595260
9070377
4565445
9892528
2370875
7873627
3760299
7477763
7029602
8631048
2186056
4611825
7882230
9357450
5802777
7082177
8320008
1147796
3435106
5748977
6200240
7646316
4059448
3886066
2851509
7594939
9838753
2820959
4548644
3318792
2064217
8820388
1755621
2583015
8635193
9282778
9433681
7300457
1862060
7902122
4138336
5830316
9220563
3249642
4604854
7034448
4293407
9216517
8300635
5671806
4264482
3024846
8729300
6563328
8514238
5976463
5729505
8506169
9068973
8967387
3979154
1920391
8206989
2405397
2001769
9013170
4519842
5327839
4304892
4333501
2523228
4626611
6930593
8468304
1735753
5064453
6367139
8379659
3918050
2912948
4622568
3088574
3525938
3423363
2957341
8954585
9761916
3637398
3324726
9656907
8269534
7428866
1950722
4490664
5776705
1999260
4391080
6821282
9109420
2748133
6595414
1157347
3826149
4760709
7147333
4874759
8264552
5587628
1328008
4136451
6625203
3698310
7190623
9957131
2599316
3775725
8492971
7892395
5245541
4996675
2865507
3513577
5953565
6671730
9160871
7128356
2197417
6447800
7782450
3270523
7424003
2857251
5393613
8038356
7827490
3653428
8947408
6607897
8510894
6480938
6983719
2880024
8288397
5083964
2016738
4529973
5819932
6282660
1470139
9754052
3955707
5118853
1994980
5599030
3553760
5201006
4730340
8984216
1554064
1145335
5491889
5999800
9338042
1947109
8529184
2959589
6990449
2614122
6034553
2426382
5956556
9186034
7189069
3222261
8886324
8921449
1507048
2852956
3741603
6041035
8345235
2836279
8004294
7038088
5159800
3810350
8884981
5029265
5223436
3698659
9830220
9190160
2698903
3558835
1709610
8826344
5011975
4292405
2134726
7300107
2897659
3312056
2437286
3445867
4807634
5229865
6214562
8212075
6387145
3006655
4193935
5464962
3314187
3196579
2955339
5096112
5741020
3786943
6421591
9988635
5467602
7848324
6080115
2382221
5548072
9612834
9968791
1187482
7810691
5238923
8820015
5141057
6063714
2015338
8204450
7258288
4534492
3069305
7695221
3394632
5687238
5925566
6702355
7700977
4932283
7680929
7818092
7597841
5328189
7436551
3173855
8152213
9170976
3530192
5692500
2433812
7155406
5889569
7239209
2098320
3428347
7500708
7024710
4610848
3602688
8156906
2248738
3247701
5085398
7671852
6458922
4556325
1831154
9618065
8559251
4640616
6290477
7420272
4222326
3008272
4310925
8234907
6415884
4265853
5473582
4307210
6018634
3078710
1804914
2560817
2022585
7325833
8413570
8321602
9738474
3409656
2118395
5066180
1533138
7110614
7153613
5193271
8235475
3886793
5578721
8099726
8950938
7796188
6674252
7674602
1761801
5879623
6307416
8435415
7733562
6319476
6698372
6965211
9386373
1605324
7082564
7315176
9383016
9553391
7473025
3065708
6205834
2465089
3425455
8585777
6874128
7294304
6988018
3552221
4337693
9756838
3082623
4055834
3838823
7108985
1215956
1528149
7315878
6436409
2116084
8387174
4457209
7392858
2303914
6182549
5119521
9109853
5719466
7529696
6706440
8128245
2589441
5982690
5574951
9821660
9350742
8610179
7166747
9384618
5820632
5769466
2153522
4057029
4939330
8705187
2320011
5937724
4163747
7934925
5534227
2699166
5603812
9419631
7892366
5407311
6873898
6846857
3829225
2497449
6375463
3384669
4951300
8535532
7051661
8945483
6519669
7250508
2923645
6745836
2903078
5138571
9147684
4248514
8309694
2468188
2606902
8119754
6691193
7067177
4675202
8878035
8052731
3647520
7702283
7329790
1975285
7918144
2080381
6470813
9223675
5070965
7776484
3728815
6556615
5817467
4683207
8733210
7856419
8954351
9788169
5300403
1367019
3343476
5688807
7655902
6223647
6128975
3480446
6108120
9905674
2766990
3960122
4944161
9225631
2523705
2434627
9731090
7690929
9329009
6920504
4681410
5553874
4429168
2897514
7649526
3666531
8544856
2129048
1906354
7019134
1218087
8664246
6669732
4787747
9561979
7727139
8164620
6743726
4154053
8402483
1951345
4507041
2263664
4617676
2045098
7764508
3349634
6880909
4946986
1789324
1354590
1328031
3627145
6946514
8934209
3157683
5428935
7120732
2320002
5049277
4220405
1820052
7022551
2930386
8565277
5255221
8597226
7204391
3572790
8022407
3028603
3644603
2419051
7766677
4854335
5116582
7363453
8044320
7980337
5877535
9460421
6373726
5313093
8399637
1818669
7536335
2203016
9777780
5521509
7288482
5364781
8493642
3978913
6620872
8206578
3079826
3537284
8749803
8231491
3950462
4091984
9456851
2620624
2263654
3129352
2275793
5591842
5823552
8130688
6031735
6251811
7906824
9576753
5685952
3039145
2214474
5873276
6910204
5151459
7785142
6626099
2991970
2035782
5318604
1314017
6132331
8994078
7694397
7751440
6441541
8848013
2889603
4179447
8342270
3345258
2086476
6543994
5387283
7839186
8636864
2898908
3538377
6486703
1745361
8718650
5674132
4374146
2939138
6318327
9307982
5662035
4350200
9337976
5857854
4615669
9325525
1190922
9824719
1842792
5749798
6720648
5726203
1773945
2385904
8113996
9117886
4379846
3738318
5824550
7211547
8593136
3224226
4198388
6235313
5352060
1921458
7753975
6425903
3469145
2538541
3370665
7874439
4403472
9845171
1141036
3460758
5520992
8727715
6638346
9862792
3747821
4980454
8407076
6739340
1630212
1504565
5092339
4999763
8576576
6687692
8790915
3018154
1508213
6385895
9595935
2173777
1800226
6677768
2836105
7453116
4416586
7555262
2247249
2087724
6958974
5914548
7291372
1811519
4763524
5760947
5187684
1875202
1481955
8196691
4735875
5832982
9990732
9439570
8802387
2939408
4397745
4586735
6086733
1554850
8912141
8271891
6929280
4799679
2707069
7455243
2657845
4597430
1409827
4409171
9781250
6495531
2270094
6809385
5616510
6315656
3423570
8358517
8757403
6562514
5454800
3697906
3066574
7173106
3620545
7209845
9853784
2007348
7574430
9404775
9800083
5745664
4656874
8736957
1892067
2340976
8770603
8103460
9725201
1732072
6797471
4989775
5897072
1843540
2870220
8877773
7678439
9136669
2798305
4206698
1654379
9436609
1641805
8726211
3693243
3524244
4162656
3947550
6678167
7661491
1285511
6650147
2907887
7418881
8727618
7397346
9822408
4037608
4489292
9964996
1264502
6275727
6412623
1375117
6421400
5999648
7916069
1158047
6303254
2358265
1661552
6868804
6735652
9994541
2568558
3268708
5116836
1903289
1279999
7973387
1776690
3999169
5511329
1841066
3581814
5444431
6703506
3776417
7810053
2133761
5210271
5792173
5476468
6948070
4597636
7319958
8607459
8917391
8313232
5399030
6740963
7851490
6614962
1599384
1181752
6788979
8759502
8316812
1829806
7333880
9162213
2161809
3330580
9926215
9368886
6155701
6468066
1835467
8223626
8588768
4693956
5490713
6600918
7008250
9606685
5473491
1799192
9410278
8581367
9547093
9759366
6767177
9449592
3638469
1437829
9386403
9644371
6191749
7459295
1751243
4559137
9066886
9265456
8538010
7775390
2628200
9685121
1358494
4156395
5448378
6969117
5658701
4671870
2612722
1132064
7698164
9213744
8049891
9073121
7526171
6823087
3343795
4575788
4238878
5901136
6988942
4322598
4042166
5755050
2530152
3890631
2644457
7536807
4969539
1956452
6254129
3422328
2472512
4224445
6769456
3235363
4132870
7846974
9718401
3761836
5536688
6251358
2829519
5677119
1504360
5989499
6629317
3561594
4179474
1668700
7636642
9859985
4270255
3020434
6142736
9675776
5073691
2415917
8905534
9083229
8105332
7356498
7259217
8225586
4934909
4687280
1170618
4578197
4841438
6573228
3619750
3289276
5843725
8198574
5059173
3466593
5641304
6627114
7900037
8228664
8952218
7064369
6148227
3701451
4026108
9499326
5658195
6718897
2598719
2395695
8710062
4827532
3352612
4255550
4667220
7388976
9860513
1859991
6129383
5212144
6639297
6957217
8568915
7280318
8536602
3998562
4615339
4438644
1481770
9084773
7411606
7529726
1719153
9479991
1906936
2349903
6671551
7146488
4674948
4137258
7574079
3492518
5781165
7533763
7191874
9236544
2101355
9235266
1665079
7796016
4876797
1724382
6633386
4046437
8338260
7422507
1280067
5544777
9712172
5220489
8720435
1782465
4313426
5571223
1694746
9739030
3803364
7548494
8120536
8065679
3110004
7951022
8975751
7166546
5058798
2358991
4798098
6991678
7402538
4795338
3276263
1409709
5753844
3531272
9636259
4948642
8691923
8901179
3230339
8215627
1350403
3204106
9210409
2666958
3328174
4899224
5367367
9915931
1306966
7887447
5032871
7615196
1583126
2809847
9976237
9109828
4285891
4033305
5187272
3831066
4124308
2072281
7064609
4013312
9507392
7070803
2943922
8514114
6156523
1708726
7708450
1915438
1642590
9808953
8729356
6287962
1671827
7040398
1254520
9247276
9137976
7283106
5954889
8239415
5074664
1179095
3634480
3647425
9753150
3100433
4902197
1146864
9917382
6106948
2798149
7079309
6028694
7594329
9221182
6358883
3952402
2494875
2122833
9514423
4996593
2137681
2149224
6759414
1799583
3376075
5311592
2372017
3578260
5917412
3510738
6177984
6894597
4377556
1601977
3758934
7349695
6900716
7527750
5398458
2130571
3860203
4163962
2877660
2147044
3527760
8311660
2640443
7950182
5615182
6020410
3599183
5360275
3471950
3096363
6022640
4330734
2515093
8714924
6467365
4176923
1864333
2829082
1232822
5372260
3418562
6957482
3806920
8462121
2075366
7548065
7167377
5641485
3817690
9967543
9938474
7977770
4016102
7369820
5341755
4452639
9513535
3083775
1486125
8500307
3902293
5377091
6194899
4167857
4073416
7627999
3875491
6081784
5380051
9066328
6091968
2600520
6030013
6300928
1817819
5143204
9015056
3386530
1155814
3024233
8440335
2557556
7298197
8630591
9517141
1120342
4094332
5685302
3021895
5069763
6546749
9939095
4052190
6643197
3693138
5178824
3736451
5499645
5777295
5164529
2126989
5053557
4160055
9270330
5026491
8845447
1803341
6795057
7206066
6316805
5750101
5494728
4409220
4628498
2836644
5497506
5395659
2122071
8161054
4265129
3003409
3707608
9494777
2583650
6184873
4684407
8893689
5107056
3329511
1187599
5097253
3155797
2743870
3546572
8083183
1121786
2874662
4402033
5648310
7610235
3092894
3914673
4794024
1235015
7767660
4872514
3349417
5456591
5880485
7515112
5765298
9569585
6095212
6103357
4265093
1216685
6060840
5479966
7097711
7381680
2647522
4298301
4205291
1829332
2416417
5398631
6721371
7305906
5982945
8393270
2733252
7482562
6928699
2001691
8985409
5829385
6810226
1324225
4096428
9928289
3520487
6919182
8953450
8842202
2356313
1267272
5934542
2793260
4020262
2374730
4168270
6030178
7194352
8777925
8428064
2342731
9340297
3219309
6736214
9823352
5654548
3922770
2350498
4257661
4976403
2661183
6346574
8315111
5465214
1423617
1845111
7546249
1137018
4821485
8606581
6412633
1828829
7542830
1433835
3319096
5941914
4992940
9743021
4876637
4860083
3919962
1732703
8032906
4305181
4705862
2974049
2221213
2607310
3610310
7235641
9590603
6501338
9375222
2672358
1491828
2096651
4884334
8545422
1637925
6443680
5218096
8517724
9381501
7924156
9636717
2984260
5595234
6666077
3697575
5001098
3478166
4625370
1166711
2544763
8994339
6587908
7392148
3864464
3295307
7022510
2380466
1168399
9746831
4398672
4566603
9252487
4362787
3086250
2551835
3904411
1892218
5164353
7359816
4150926
8335376
6098278
6264331
1553990
4456853
7314457
3125809
7250078
9319804
3732957
1299474
5003598
8911212
2503076
7389035
1342400
1454830
9915148
5137034
6202768
3694972
5819040
8393708
1628664
7443891
9645764
7834744
7218422
5483286
1531516
9143931
2357177
2767156
7093589
4910669
4815715
5473634
2309657
7912192
8814724
7450867
6264497
2501350
8202812
6159739
5618335
3936029
1497459
4009933
3890298
5182064
5616927
6047717
4788640
8596511
7152292
1445425
1705543
6094935
4092367
6317348
4387440
7202400
7376073
1442515
3409556
8242644
8000048
6636389
9541432
7107289
3049593
3852302
5623397
1348300
6967819
5891570
3505625
9505469
5868480
9544956
7517659
8243368
1476293
2334090
1596765
7791825
5438269
5411642
8017694
6331807
7602197
6219084
5134705
6712318
5992866
6187367
7080624
5469182
8281362
8692482
7720031
5947469
9906755
3142317
8886257
8443875
8389049
7580505
7534557
2285217
3254885
2956537
3287087
9871018
2185197
7556161
9952557
4078022
8205343
3654732
5093525
6068418
9505234
5945946
1490309
1768771
1165593
5481464
9490585
4845599
7100196
5980611
3875394
7460804
5409101
9520262
4172624
3901434
3052504
8010895
8964889
5120692
8236072
4322918
3695187
5135565
6638632
5348258
5076806
1266521
3013889
7203310
8703198
9379055
8312567
1863004
6821636
9358763
9869680
3435080
8845954
6579737
4991196
7619056
9273732
6125385
4678575
1288625
2085698
6262077
9877997
3471169
6411758
9006254
7312277
7002769
5188641
8116115
9197384
1679859
6379325
2055193
2678682
8740813
7512730
4237648
7237331
4712779
6814164
2559973
8092353
5954961
2120035
6153747
1459414
4938536
2716909
4704491
7692162
9061569
8393418
4333845
7335557
9684520
4122441
3717869
2929749
5815510
7844778
2135458
7616778
3906509
6994754
8130050
5925928
3118871
1849539
7124322
2196683
2479529
4883620
8618359
6120927
9060439
1643719
3085138
9450619
5013039
3549481
8771040
4056638
7977077
2793300
8145260
8119189
5620493
6986639
6691050
8653802
2850447
9908357
5899652
1897937
4725061
5567728
8463975
8983694
4750204
4931586
6061912
1790359
3256749
1974723
6370716
9524111
9751911
8503239
2721368
2256782
2848304
7689020
5422004
1332504
6709976
7826300
6337525
7242630
5764392
5907088
3580437
7983354
6692527
6798923
4194504
3448405
4757171
2052917
7653791
6517943
7178011
7413728
8380659
8295546
4586494
8657698
5591243
2273385
7761279
7903882
7163513
5086022
1821804
5665542
7908348
4652182
5546043
2628008
6085392
2001969
2840628
5808203
8518608
4442084
3628857
7215510
5771551
8068524
2284052
5728462
1493101
1615106
7333319
7856620
5296361
1954468
2881311
5173307
7322459
7112498
9283325
7967676
8665503
1216195
2327280
2520114
6934197
4591661
3657891
8980646
2565359
4977574
9506604
1948963
4787803
5935839
8488169
8302953
4157631
8406055
5810589
5279383
8328488
3322834
9621261
1517791
6087013
4290008
9271250
5116300
7615456
8151900
2442848
5933485
7311867
3602058
5299129
5057857
4414139
4649243
8832070
8673915
3343231
7100467
8763305
9420547
2398410
6451572
2209617
1458471
5993040
6018095
1558881
4459845
2847304
9350807
8533934
9333323
7913585
8631213
4595618
8192195
2032825
8431875
5642192
8141900
1134636
5433014
2806738
5133415
5627828
2735768
8141743
3587428
2733313
2291629
9398935
6797937
2773902
7059575
3477906
6809535
9367010
2002967
8364467
8274396
9051887
7331929
2757131
5504378
5750575
8568884
9642341
5557539
7512696
6233527
2583188
2723679
4664000
9760955
7033654
1594979
4980145
6554594
1767556
5596132
6648909
8978920
9325370
7396435
3292687
8688554
4453297
4455846
7754610
9811226
8809514
2661903
5368276
6149644
2507029
4308836
9910414
7265472
6071303
7796700
9673475
6751499
2190138
7524153
7990983
3766358
7781648
2439947
1698599
6752521
6213276
4135906
9461965
5087192
3649479
2515314
1608341
1123830
5701463
4040382
9153242
3801294
1618319
9431008
1957637
6214975
3889352
8338327
4379182
1977912
7121061
1299016
5871710
2858600
3312542
6455087
6208018
6576821
4294473
7469097
4417297
9746289
3061788
8547315
7594444
9361078
2431003
6963205
5797444
3575060
4153859
1383516
9912896
2224432
7427619
8481134
8097307
3223847
7075755
6870347
3114208
6941530
7377663
6280840
7174327
7796365
2746251
9379024
6330289
7882942
1593756
2441413
3280073
5715299
5544548
9212833
2518318
6584231
1489344
8408246
2173214
5746832
5121490
3230220
3897077
7586009
6068682
2016196
2680914
3533092
5179557
5731486
6922328
9972107
7997790
1461419
3347420
6785188
5851719
3559888
9390014
4046951
2848575
9147930
6329914
7532554
9383999
5920841
5675961
4477857
3649213
3585480
7056634
1392749
5930226
1125678
4450782
5896316
2264648
1941951
4016287
8441945
7378625
6836856
6233048
3597153
3893251
8598648
6656606
8571163
7204803
9396552
7796387
2480064
3712668
1660828
5416090
5358075
2120674
9129317
2525884
9476962
7281663
4456491
8748783
4609623
1416953
2559938
1404535
4686332
3562548
4838469
1899824
5681295
3063206
5841343
1297954
5360319
2723470
7892857
9742341
8263079
3882444
8205672
2233576
7741363
6405801
3032175
5150275
1335335
5071169
8645058
3207602
4917080
4483748
3023335
2587389
7388938
6754057
4850073
4158421
9255169
3386691
7044061
4568127
4452988
6494641
7968158
2084526
7236207
1302264
5905000
4688759
5045972
6394708
3316610
7495815
2695664
5631098
7962418
8206107
3054368
3499752
9646488
3537458
7971420
3111217
2601777
4112074
2372102
8918628
4491612
